Found 9 non dominant solution:
# 	true_pocket_residues_fraction	ligand_atom_fraction	positive_pockets_fraction	m	M	A	i	D	s	n	r
1	0.914	0.954	0.395	3.0	6.0	3	30	1.60	2.5	4	4.5
2	0.856	0.928	0.447	3.4	5.1	2	24	1.78	1.4	1	4.8
3	0.857	0.928	0.468	3.4	5.1	1	25	1.80	1.4	2	4.8
4	0.966	0.986	0.289	3.3	6.3	3	29	1.74	4.1	2	7.6
5	0.868	0.931	0.398	3.0	6.0	3	29	1.73	1.3	1	4.5
6	0.918	0.956	0.378	3.3	4.4	3	24	1.72	4.4	1	7.6
7	0.853	0.925	0.471	3.4	5.1	1	25	1.80	1.4	3	4.8
8	0.965	0.984	0.378	3.3	6.3	3	38	1.73	4.1	2	7.6
9	0.967	0.986	0.305	3.0	6.2	3	30	1.73	2.6	3	7.9
