Found 9 non dominant solution:
# 	true_pocket_residues_fraction	ligand_atom_fraction	positive_pockets_fraction	m	M	A	i	D	s	n	r
1	0.937	0.965	0.371	3.0	6.0	3	30	1.73	2.5	3	4.5
2	0.942	0.968	0.359	3.0	12.3	3	30	1.73	2.5	3	4.4
3	0.938	0.966	0.368	3.0	6.3	3	30	1.73	2.4	2	4.5
4	0.914	0.954	0.395	3.0	6.0	3	30	1.60	2.5	4	4.5
5	0.856	0.928	0.447	3.4	5.1	2	24	1.78	1.4	1	4.8
6	0.959	0.977	0.343	3.0	6.3	3	29	1.73	4.1	2	4.5
7	0.940	0.983	0.279	3.6	12.0	3	30	1.71	4.0	3	7.8
8	0.922	0.974	0.353	3.6	6.2	3	30	1.39	2.6	3	8.0
9	0.946	0.969	0.352	3.0	12.2	2	30	1.73	2.5	2	4.5
